
*******************
Plotting of evolutionary algorithm with settings: 
*******************

1: Number of battles per war: 20
2: Number of soldiers per war: 40
3: Reployment fraction: 1
4: Strength reduction fraction: 1

5: Size of child pool: 30
6: Size of adult pool: 30
7: number of generations: 200
8: mutation rate: 1
9: crossover rate: 0.9
10: selection protocol: Full generational replacement
11: selection strategy: Sigma scaling
12: elitism: 2

*******************

0.15 0.025 0.1 0 0.075 0.025 0.025 0.025 0.025 0.025 0.025 0.075 0.025 0.125 0.05 0.025 0.1 0.05 0.025 0.025   
0.225 0.025 0.1 0 0.075 0.025 0.05 0.05 0.05 0.025 0.025 0.025 0.05 0 0.025 0.05 0.025 0.1 0.025 0.05   
0.275 0.05 0.1 0.05 0.1 0.025 0.025 0.05 0.025 0.025 0.025 0.025 0 0 0.025 0 0 0.075 0.075 0.05   
0.3 0.075 0.125 0 0.075 0.075 0.025 0.025 0.025 0.025 0.025 0.025 0 0.075 0.025 0 0 0.05 0.025 0.025   
0.325 0.225 0.075 0.075 0.05 0 0 0 0.025 0 0.05 0.025 0 0.075 0.025 0 0 0 0.025 0.025   
0.4 0.125 0.1 0 0.075 0.025 0.075 0 0 0 0 0 0 0 0 0.075 0 0.025 0 0.1   
0.45 0.25 0.15 0 0.025 0 0.05 0 0 0 0 0 0 0 0 0.025 0 0 0 0.05   
0.475 0.15 0.125 0 0.075 0 0 0 0 0 0 0.025 0.025 0.05 0 0 0 0.025 0.025 0.025   
0.475 0.3 0.075 0.025 0.05 0 0 0 0 0 0 0 0 0 0 0 0 0 0 0.075   
0.5 0.25 0.075 0 0.025 0 0.025 0 0 0 0.025 0 0 0.025 0 0.025 0 0 0 0.05   
0.5 0.325 0.1 0 0.025 0.025 0 0 0 0 0 0 0 0 0 0 0 0 0.025 0   
0.5 0.35 0.1 0 0.025 0 0 0 0 0 0 0 0 0 0 0 0 0 0 0.025   
0.5 0.35 0.1 0 0.025 0 0 0 0 0 0 0 0 0 0 0 0 0 0 0.025   
0.5 0.35 0.125 0 0.025 0 0 0 0 0 0 0 0 0 0 0 0 0 0 0   
0.5 0.375 0.075 0 0.025 0 0 0 0 0 0 0 0 0 0 0 0 0 0 0.025   
0.5 0.375 0.075 0 0.025 0 0 0 0 0 0 0 0 0 0 0 0 0.025 0 0   
0.5 0.375 0.075 0 0.025 0 0.025 0 0 0 0 0 0 0 0 0 0 0 0 0   
0.5 0.375 0.1 0 0.025 0 0 0 0 0 0 0 0 0 0 0 0 0 0 0   
0.5 0.375 0.1 0 0.025 0 0 0 0 0 0 0 0 0 0 0 0 0 0 0   
0.5 0.375 0.1 0 0.025 0 0 0 0 0 0 0 0 0 0 0 0 0 0 0   
0.5 0.375 0.1 0 0.025 0 0 0 0 0 0 0 0 0 0 0 0 0 0 0   
0.5 0.375 0.1 0 0.025 0 0 0 0 0 0 0 0 0 0 0 0 0 0 0   
0.5 0.375 0.1 0 0.025 0 0 0 0 0 0 0 0 0 0 0 0 0 0 0   
0.5 0.375 0.1 0 0.025 0 0 0 0 0 0 0 0 0 0 0 0 0 0 0   
0.5 0.375 0.1 0 0.025 0 0 0 0 0 0 0 0 0 0 0 0 0 0 0   
0.5 0.375 0.1 0 0.025 0 0 0 0 0 0 0 0 0 0 0 0 0 0 0   
0.5 0.375 0.1 0 0.025 0 0 0 0 0 0 0 0 0 0 0 0 0 0 0   
0.5 0.375 0.1 0 0.025 0 0 0 0 0 0 0 0 0 0 0 0 0 0 0   
0.5 0.375 0.1 0 0.025 0 0 0 0 0 0 0 0 0 0 0 0 0 0 0   
0.5 0.375 0.1 0 0.025 0 0 0 0 0 0 0 0 0 0 0 0 0 0 0   
0.5 0.375 0.1 0 0.025 0 0 0 0 0 0 0 0 0 0 0 0 0 0 0   
0.5 0.375 0.1 0 0.025 0 0 0 0 0 0 0 0 0 0 0 0 0 0 0   
0.5 0.375 0.1 0 0.025 0 0 0 0 0 0 0 0 0 0 0 0 0 0 0   
0.5 0.375 0.1 0 0.025 0 0 0 0 0 0 0 0 0 0 0 0 0 0 0   
0.5 0.375 0.1 0 0.025 0 0 0 0 0 0 0 0 0 0 0 0 0 0 0   
0.5 0.375 0.1 0 0.025 0 0 0 0 0 0 0 0 0 0 0 0 0 0 0   
0.5 0.375 0.1 0 0.025 0 0 0 0 0 0 0 0 0 0 0 0 0 0 0   
0.5 0.375 0.1 0 0.025 0 0 0 0 0 0 0 0 0 0 0 0 0 0 0   
0.5 0.375 0.1 0 0.025 0 0 0 0 0 0 0 0 0 0 0 0 0 0 0   
0.5 0.375 0.1 0 0.025 0 0 0 0 0 0 0 0 0 0 0 0 0 0 0   
0.5 0.375 0.1 0 0.025 0 0 0 0 0 0 0 0 0 0 0 0 0 0 0   
0.5 0.375 0.1 0 0.025 0 0 0 0 0 0 0 0 0 0 0 0 0 0 0   
0.5 0.375 0.1 0 0.025 0 0 0 0 0 0 0 0 0 0 0 0 0 0 0   
0.5 0.375 0.1 0 0.025 0 0 0 0 0 0 0 0 0 0 0 0 0 0 0   
0.5 0.375 0.1 0 0.025 0 0 0 0 0 0 0 0 0 0 0 0 0 0 0   
0.5 0.375 0.1 0 0.025 0 0 0 0 0 0 0 0 0 0 0 0 0 0 0   
0.5 0.375 0.1 0 0.025 0 0 0 0 0 0 0 0 0 0 0 0 0 0 0   
0.5 0.375 0.1 0 0.025 0 0 0 0 0 0 0 0 0 0 0 0 0 0 0   
0.5 0.375 0.1 0 0.025 0 0 0 0 0 0 0 0 0 0 0 0 0 0 0   
0.5 0.375 0.1 0 0.025 0 0 0 0 0 0 0 0 0 0 0 0 0 0 0   
0.5 0.375 0.1 0 0.025 0 0 0 0 0 0 0 0 0 0 0 0 0 0 0   
0.5 0.375 0.1 0 0.025 0 0 0 0 0 0 0 0 0 0 0 0 0 0 0   
0.5 0.375 0.1 0 0.025 0 0 0 0 0 0 0 0 0 0 0 0 0 0 0   
0.5 0.375 0.1 0 0.025 0 0 0 0 0 0 0 0 0 0 0 0 0 0 0   
0.5 0.375 0.1 0 0.025 0 0 0 0 0 0 0 0 0 0 0 0 0 0 0   
0.5 0.375 0.1 0 0.025 0 0 0 0 0 0 0 0 0 0 0 0 0 0 0   
0.5 0.375 0.1 0 0.025 0 0 0 0 0 0 0 0 0 0 0 0 0 0 0   
0.5 0.375 0.1 0 0.025 0 0 0 0 0 0 0 0 0 0 0 0 0 0 0   
0.5 0.375 0.1 0 0.025 0 0 0 0 0 0 0 0 0 0 0 0 0 0 0   
0.5 0.375 0.1 0 0.025 0 0 0 0 0 0 0 0 0 0 0 0 0 0 0   
0.5 0.375 0.1 0 0.025 0 0 0 0 0 0 0 0 0 0 0 0 0 0 0   
0.5 0.375 0.1 0 0.025 0 0 0 0 0 0 0 0 0 0 0 0 0 0 0   
0.5 0.375 0.1 0 0.025 0 0 0 0 0 0 0 0 0 0 0 0 0 0 0   
0.5 0.375 0.1 0 0.025 0 0 0 0 0 0 0 0 0 0 0 0 0 0 0   
0.5 0.375 0.1 0 0.025 0 0 0 0 0 0 0 0 0 0 0 0 0 0 0   
0.5 0.375 0.1 0 0.025 0 0 0 0 0 0 0 0 0 0 0 0 0 0 0   
0.5 0.375 0.1 0 0.025 0 0 0 0 0 0 0 0 0 0 0 0 0 0 0   
0.5 0.375 0.1 0 0.025 0 0 0 0 0 0 0 0 0 0 0 0 0 0 0   
0.5 0.375 0.1 0 0.025 0 0 0 0 0 0 0 0 0 0 0 0 0 0 0   
0.5 0.375 0.1 0 0.025 0 0 0 0 0 0 0 0 0 0 0 0 0 0 0   
0.5 0.375 0.1 0 0.025 0 0 0 0 0 0 0 0 0 0 0 0 0 0 0   
0.5 0.375 0.1 0 0.025 0 0 0 0 0 0 0 0 0 0 0 0 0 0 0   
0.5 0.375 0.1 0 0.025 0 0 0 0 0 0 0 0 0 0 0 0 0 0 0   
0.5 0.375 0.1 0 0.025 0 0 0 0 0 0 0 0 0 0 0 0 0 0 0   
0.5 0.375 0.1 0 0.025 0 0 0 0 0 0 0 0 0 0 0 0 0 0 0   
0.5 0.375 0.1 0 0.025 0 0 0 0 0 0 0 0 0 0 0 0 0 0 0   
0.5 0.375 0.1 0 0.025 0 0 0 0 0 0 0 0 0 0 0 0 0 0 0   
0.5 0.375 0.1 0 0.025 0 0 0 0 0 0 0 0 0 0 0 0 0 0 0   
0.5 0.375 0.1 0 0.025 0 0 0 0 0 0 0 0 0 0 0 0 0 0 0   
0.5 0.375 0.1 0 0.025 0 0 0 0 0 0 0 0 0 0 0 0 0 0 0   
0.5 0.375 0.1 0 0.025 0 0 0 0 0 0 0 0 0 0 0 0 0 0 0   
0.5 0.375 0.1 0 0.025 0 0 0 0 0 0 0 0 0 0 0 0 0 0 0   
0.5 0.375 0.1 0 0.025 0 0 0 0 0 0 0 0 0 0 0 0 0 0 0   
0.5 0.375 0.1 0 0.025 0 0 0 0 0 0 0 0 0 0 0 0 0 0 0   
0.5 0.375 0.1 0 0.025 0 0 0 0 0 0 0 0 0 0 0 0 0 0 0   
0.5 0.375 0.1 0 0.025 0 0 0 0 0 0 0 0 0 0 0 0 0 0 0   
0.5 0.375 0.1 0 0.025 0 0 0 0 0 0 0 0 0 0 0 0 0 0 0   
0.5 0.375 0.1 0 0.025 0 0 0 0 0 0 0 0 0 0 0 0 0 0 0   
0.5 0.375 0.1 0 0.025 0 0 0 0 0 0 0 0 0 0 0 0 0 0 0   
0.5 0.375 0.1 0 0.025 0 0 0 0 0 0 0 0 0 0 0 0 0 0 0   
0.5 0.375 0.1 0 0.025 0 0 0 0 0 0 0 0 0 0 0 0 0 0 0   
0.5 0.375 0.1 0 0.025 0 0 0 0 0 0 0 0 0 0 0 0 0 0 0   
0.5 0.375 0.1 0 0.025 0 0 0 0 0 0 0 0 0 0 0 0 0 0 0   
0.5 0.375 0.1 0 0.025 0 0 0 0 0 0 0 0 0 0 0 0 0 0 0   
0.5 0.375 0.1 0 0.025 0 0 0 0 0 0 0 0 0 0 0 0 0 0 0   
0.5 0.375 0.1 0 0.025 0 0 0 0 0 0 0 0 0 0 0 0 0 0 0   
0.5 0.375 0.1 0 0.025 0 0 0 0 0 0 0 0 0 0 0 0 0 0 0   
0.5 0.375 0.1 0 0.025 0 0 0 0 0 0 0 0 0 0 0 0 0 0 0   
0.5 0.375 0.1 0 0.025 0 0 0 0 0 0 0 0 0 0 0 0 0 0 0   
0.5 0.375 0.1 0 0.025 0 0 0 0 0 0 0 0 0 0 0 0 0 0 0   
0.5 0.375 0.1 0 0.025 0 0 0 0 0 0 0 0 0 0 0 0 0 0 0   
0.5 0.375 0.1 0 0.025 0 0 0 0 0 0 0 0 0 0 0 0 0 0 0   
0.5 0.375 0.1 0 0.025 0 0 0 0 0 0 0 0 0 0 0 0 0 0 0   
0.5 0.375 0.1 0 0.025 0 0 0 0 0 0 0 0 0 0 0 0 0 0 0   
0.5 0.375 0.1 0 0.025 0 0 0 0 0 0 0 0 0 0 0 0 0 0 0   
0.5 0.375 0.1 0 0.025 0 0 0 0 0 0 0 0 0 0 0 0 0 0 0   
0.5 0.375 0.1 0 0.025 0 0 0 0 0 0 0 0 0 0 0 0 0 0 0   
0.5 0.375 0.1 0 0.025 0 0 0 0 0 0 0 0 0 0 0 0 0 0 0   
0.5 0.375 0.1 0 0.025 0 0 0 0 0 0 0 0 0 0 0 0 0 0 0   
0.5 0.375 0.1 0 0.025 0 0 0 0 0 0 0 0 0 0 0 0 0 0 0   
0.5 0.375 0.1 0 0.025 0 0 0 0 0 0 0 0 0 0 0 0 0 0 0   
0.5 0.375 0.1 0 0.025 0 0 0 0 0 0 0 0 0 0 0 0 0 0 0   
0.5 0.375 0.1 0 0.025 0 0 0 0 0 0 0 0 0 0 0 0 0 0 0   
0.5 0.375 0.1 0 0.025 0 0 0 0 0 0 0 0 0 0 0 0 0 0 0   
0.5 0.375 0.1 0 0.025 0 0 0 0 0 0 0 0 0 0 0 0 0 0 0   
0.5 0.375 0.1 0 0.025 0 0 0 0 0 0 0 0 0 0 0 0 0 0 0   
0.5 0.375 0.1 0 0.025 0 0 0 0 0 0 0 0 0 0 0 0 0 0 0   
0.5 0.375 0.1 0 0.025 0 0 0 0 0 0 0 0 0 0 0 0 0 0 0   
0.5 0.375 0.1 0 0.025 0 0 0 0 0 0 0 0 0 0 0 0 0 0 0   
0.5 0.375 0.1 0 0.025 0 0 0 0 0 0 0 0 0 0 0 0 0 0 0   
0.5 0.375 0.1 0 0.025 0 0 0 0 0 0 0 0 0 0 0 0 0 0 0   
0.5 0.375 0.1 0 0.025 0 0 0 0 0 0 0 0 0 0 0 0 0 0 0   
0.5 0.375 0.1 0 0.025 0 0 0 0 0 0 0 0 0 0 0 0 0 0 0   
0.5 0.375 0.1 0 0.025 0 0 0 0 0 0 0 0 0 0 0 0 0 0 0   
0.5 0.375 0.1 0 0.025 0 0 0 0 0 0 0 0 0 0 0 0 0 0 0   
0.5 0.375 0.1 0 0.025 0 0 0 0 0 0 0 0 0 0 0 0 0 0 0   
0.5 0.375 0.1 0 0.025 0 0 0 0 0 0 0 0 0 0 0 0 0 0 0   
0.5 0.375 0.1 0 0.025 0 0 0 0 0 0 0 0 0 0 0 0 0 0 0   
0.5 0.375 0.1 0 0.025 0 0 0 0 0 0 0 0 0 0 0 0 0 0 0   
0.5 0.375 0.1 0 0.025 0 0 0 0 0 0 0 0 0 0 0 0 0 0 0   
0.5 0.375 0.1 0 0.025 0 0 0 0 0 0 0 0 0 0 0 0 0 0 0   
0.5 0.375 0.1 0 0.025 0 0 0 0 0 0 0 0 0 0 0 0 0 0 0   
0.5 0.375 0.1 0 0.025 0 0 0 0 0 0 0 0 0 0 0 0 0 0 0   
0.5 0.375 0.1 0 0.025 0 0 0 0 0 0 0 0 0 0 0 0 0 0 0   
0.5 0.375 0.1 0 0.025 0 0 0 0 0 0 0 0 0 0 0 0 0 0 0   
0.5 0.375 0.1 0 0.025 0 0 0 0 0 0 0 0 0 0 0 0 0 0 0   
0.5 0.375 0.1 0 0.025 0 0 0 0 0 0 0 0 0 0 0 0 0 0 0   
0.5 0.375 0.1 0 0.025 0 0 0 0 0 0 0 0 0 0 0 0 0 0 0   
0.5 0.375 0.1 0 0.025 0 0 0 0 0 0 0 0 0 0 0 0 0 0 0   
0.5 0.375 0.1 0 0.025 0 0 0 0 0 0 0 0 0 0 0 0 0 0 0   
0.5 0.375 0.1 0 0.025 0 0 0 0 0 0 0 0 0 0 0 0 0 0 0   
0.5 0.375 0.1 0 0.025 0 0 0 0 0 0 0 0 0 0 0 0 0 0 0   
0.5 0.375 0.1 0 0.025 0 0 0 0 0 0 0 0 0 0 0 0 0 0 0   
0.5 0.375 0.1 0 0.025 0 0 0 0 0 0 0 0 0 0 0 0 0 0 0   
0.5 0.375 0.1 0 0.025 0 0 0 0 0 0 0 0 0 0 0 0 0 0 0   
0.5 0.375 0.1 0 0.025 0 0 0 0 0 0 0 0 0 0 0 0 0 0 0   
0.5 0.375 0.1 0 0.025 0 0 0 0 0 0 0 0 0 0 0 0 0 0 0   
0.5 0.375 0.1 0 0.025 0 0 0 0 0 0 0 0 0 0 0 0 0 0 0   
0.5 0.375 0.1 0 0.025 0 0 0 0 0 0 0 0 0 0 0 0 0 0 0   
0.5 0.375 0.1 0 0.025 0 0 0 0 0 0 0 0 0 0 0 0 0 0 0   
0.5 0.375 0.1 0 0.025 0 0 0 0 0 0 0 0 0 0 0 0 0 0 0   
0.5 0.375 0.1 0 0.025 0 0 0 0 0 0 0 0 0 0 0 0 0 0 0   
0.5 0.375 0.1 0 0.025 0 0 0 0 0 0 0 0 0 0 0 0 0 0 0   
0.5 0.375 0.1 0 0.025 0 0 0 0 0 0 0 0 0 0 0 0 0 0 0   
0.5 0.375 0.1 0 0.025 0 0 0 0 0 0 0 0 0 0 0 0 0 0 0   
0.5 0.375 0.1 0 0.025 0 0 0 0 0 0 0 0 0 0 0 0 0 0 0   
0.5 0.375 0.1 0 0.025 0 0 0 0 0 0 0 0 0 0 0 0 0 0 0   
0.5 0.375 0.1 0 0.025 0 0 0 0 0 0 0 0 0 0 0 0 0 0 0   
0.5 0.375 0.1 0 0.025 0 0 0 0 0 0 0 0 0 0 0 0 0 0 0   
0.5 0.375 0.1 0 0.025 0 0 0 0 0 0 0 0 0 0 0 0 0 0 0   
0.5 0.375 0.1 0 0.025 0 0 0 0 0 0 0 0 0 0 0 0 0 0 0   
0.5 0.375 0.1 0 0.025 0 0 0 0 0 0 0 0 0 0 0 0 0 0 0   
0.5 0.375 0.1 0 0.025 0 0 0 0 0 0 0 0 0 0 0 0 0 0 0   
0.5 0.375 0.1 0 0.025 0 0 0 0 0 0 0 0 0 0 0 0 0 0 0   
0.5 0.375 0.1 0 0.025 0 0 0 0 0 0 0 0 0 0 0 0 0 0 0   
0.5 0.375 0.1 0 0.025 0 0 0 0 0 0 0 0 0 0 0 0 0 0 0   
0.5 0.375 0.1 0 0.025 0 0 0 0 0 0 0 0 0 0 0 0 0 0 0   
0.5 0.375 0.1 0 0.025 0 0 0 0 0 0 0 0 0 0 0 0 0 0 0   
0.5 0.375 0.1 0 0.025 0 0 0 0 0 0 0 0 0 0 0 0 0 0 0   
0.5 0.375 0.1 0 0.025 0 0 0 0 0 0 0 0 0 0 0 0 0 0 0   
0.5 0.375 0.1 0 0.025 0 0 0 0 0 0 0 0 0 0 0 0 0 0 0   
0.5 0.375 0.1 0 0.025 0 0 0 0 0 0 0 0 0 0 0 0 0 0 0   
0.5 0.375 0.1 0 0.025 0 0 0 0 0 0 0 0 0 0 0 0 0 0 0   
0.5 0.375 0.1 0 0.025 0 0 0 0 0 0 0 0 0 0 0 0 0 0 0   
0.5 0.375 0.1 0 0.025 0 0 0 0 0 0 0 0 0 0 0 0 0 0 0   
0.5 0.375 0.1 0 0.025 0 0 0 0 0 0 0 0 0 0 0 0 0 0 0   
0.5 0.375 0.1 0 0.025 0 0 0 0 0 0 0 0 0 0 0 0 0 0 0   
0.5 0.375 0.1 0 0.025 0 0 0 0 0 0 0 0 0 0 0 0 0 0 0   
0.5 0.375 0.1 0 0.025 0 0 0 0 0 0 0 0 0 0 0 0 0 0 0   
0.5 0.375 0.1 0 0.025 0 0 0 0 0 0 0 0 0 0 0 0 0 0 0   
0.5 0.375 0.1 0 0.025 0 0 0 0 0 0 0 0 0 0 0 0 0 0 0   
0.5 0.375 0.1 0 0.025 0 0 0 0 0 0 0 0 0 0 0 0 0 0 0   
0.5 0.375 0.1 0 0.025 0 0 0 0 0 0 0 0 0 0 0 0 0 0 0   
0.5 0.375 0.1 0 0.025 0 0 0 0 0 0 0 0 0 0 0 0 0 0 0   
0.5 0.375 0.1 0 0.025 0 0 0 0 0 0 0 0 0 0 0 0 0 0 0   
0.5 0.375 0.1 0 0.025 0 0 0 0 0 0 0 0 0 0 0 0 0 0 0   
0.5 0.375 0.1 0 0.025 0 0 0 0 0 0 0 0 0 0 0 0 0 0 0   
0.5 0.375 0.1 0 0.025 0 0 0 0 0 0 0 0 0 0 0 0 0 0 0   
0.5 0.375 0.1 0 0.025 0 0 0 0 0 0 0 0 0 0 0 0 0 0 0   
0.5 0.375 0.1 0 0.025 0 0 0 0 0 0 0 0 0 0 0 0 0 0 0   
0.5 0.375 0.1 0 0.025 0 0 0 0 0 0 0 0 0 0 0 0 0 0 0   
0.5 0.375 0.1 0 0.025 0 0 0 0 0 0 0 0 0 0 0 0 0 0 0   
0.5 0.375 0.1 0 0.025 0 0 0 0 0 0 0 0 0 0 0 0 0 0 0   
0.5 0.375 0.1 0 0.025 0 0 0 0 0 0 0 0 0 0 0 0 0 0 0   
0.5 0.375 0.1 0 0.025 0 0 0 0 0 0 0 0 0 0 0 0 0 0 0   
0.5 0.375 0.1 0 0.025 0 0 0 0 0 0 0 0 0 0 0 0 0 0 0   
0.5 0.375 0.1 0 0.025 0 0 0 0 0 0 0 0 0 0 0 0 0 0 0   
0.5 0.375 0.1 0 0.025 0 0 0 0 0 0 0 0 0 0 0 0 0 0 0   
0.5 0.375 0.1 0 0.025 0 0 0 0 0 0 0 0 0 0 0 0 0 0 0   
0.5 0.375 0.1 0 0.025 0 0 0 0 0 0 0 0 0 0 0 0 0 0 0  
