0 28 19.83 3.41288
1 29 20.3667 3.17157
2 29 21.1367 2.87019
3 28 21.6967 2.81981
4 32 23.7933 3.74219
5 34 25.7667 3.62844
6 35 27.67 3.12001
7 37 29.06 2.9994
8 36 30.1867 2.59329
9 37 30.9167 2.39229
10 37 30.8767 2.57451
11 36 31.2467 2.23588
12 37 31.47 2.37397
13 37 32.0333 2.07337
14 37 32.2833 1.97224
15 37 32.5167 2.084
16 37 32.8167 2.00742
17 37 33.05 1.80762
18 38 33.0667 1.82087
19 38 33.2733 1.7866
20 37 33.5 1.84481
21 38 33.2333 2.083
22 38 33.3867 2.10012
23 38 33.38 2.2603
24 38 33.83 1.70522
25 39 33.7767 1.70884
26 39 33.9367 1.82373
27 38 34.0367 1.71133
28 39 34.41 1.69958
29 38 34.3367 1.5438
30 38 34.4967 1.69016
31 39 34.64 1.55469
32 39 34.6633 1.843
33 39 34.9633 1.86958
34 40 35.1267 1.86296
35 40 35.0833 1.73293
36 39 35.41 1.80053
37 39 35.8433 1.65291
38 40 35.7867 1.7266
39 39 35.81 1.6695
40 40 35.9067 1.66472
41 40 36.0467 1.65262
42 40 36.16 1.58358
43 40 36.0367 1.47037
44 40 35.92 1.44
45 40 35.8767 1.6314
46 40 36.0667 1.63775
47 39 36.17 1.72852
48 39 36.1767 1.68289
49 40 36.24 1.67404
50 40 36.35 1.72071
51 40 36.3233 1.70063
52 40 36.15 1.71294
53 39 36.4867 1.60722
54 39 36.6433 1.4501
55 40 36.7367 1.38588
56 40 36.92 1.35902
57 40 36.9833 1.32277
58 40 37.0567 1.2166
59 40 36.8067 1.27382
60 40 36.7767 1.37117
61 40 36.8467 1.33035
62 40 36.7567 1.40147
63 40 36.8033 1.4758
64 39 36.8867 1.381
65 40 36.96 1.38506
66 40 36.8667 1.4453
67 40 37.0733 1.36184
68 40 37.0267 1.32387
69 40 37.0733 1.48592
70 40 36.9133 1.61632
71 40 36.7733 1.57542
72 40 36.76 1.35489
73 40 36.6267 1.46991
74 40 36.7433 1.3799
75 40 36.8667 1.38885
76 40 36.7133 1.36302
77 40 36.7367 1.39068
78 40 36.8233 1.26443
79 40 36.77 1.44121
80 40 37.0733 1.52358
81 40 37.18 1.44485
82 40 37.1833 1.37709
83 40 37.2867 1.35074
84 40 37.1967 1.28763
85 40 37.3133 1.32985
86 40 37.33 1.2706
87 40 37.4267 1.25616
88 40 37.36 1.26901
89 40 37.0967 1.46537
90 40 36.9067 1.62212
91 40 37.3167 1.43633
92 40 37.2967 1.53253
93 40 37.12 1.46933
94 40 37.1033 1.43967
95 40 37.3467 1.3341
96 40 37.2867 1.30045
97 40 37.38 1.36465
98 40 37.3567 1.42459
99 40 37.1667 1.38524
100 40 37.3167 1.41529
101 40 37.2067 1.48008
102 40 37.04 1.46915
103 40 36.9167 1.50656
104 40 36.9633 1.48391
105 40 37.09 1.48836
106 40 37.1667 1.35851
107 40 37.0167 1.5307
108 40 37.0533 1.51783
109 40 37.0767 1.52669
110 40 37.2267 1.44059
111 40 37.1433 1.33021
112 40 37.2733 1.33615
113 40 37.1833 1.32277
114 40 37.33 1.35195
115 40 37.5133 1.26088
116 40 37.3967 1.26991
117 40 37.3367 1.28711
118 40 37.41 1.38633
119 40 37.15 1.4239
120 40 37.2667 1.47271
121 40 37.2967 1.54337
122 40 37.2133 1.58781
123 40 37.2033 1.62952
124 40 37.45 1.47902
125 40 37.5067 1.4821
126 40 37.47 1.54351
127 40 37.6233 1.47698
128 40 37.6367 1.45074
129 40 37.6967 1.51151
130 40 37.7633 1.37137
131 40 37.8333 1.31614
132 40 37.7167 1.25289
133 40 37.89 1.24816
134 40 37.9067 1.35571
135 40 38 1.29357
136 40 38.0067 1.29356
137 40 37.95 1.40505
138 40 38.0667 1.24989
139 40 38.0633 1.26728
140 40 38.05 1.34443
141 40 38.0567 1.31661
142 40 38.1233 1.28379
143 40 38.1567 1.29568
144 40 38.2233 1.35651
145 40 38.0833 1.41765
146 40 38.1767 1.26179
147 40 38.1167 1.1589
148 40 38.1067 1.15555
149 40 38.0533 1.13011
150 40 38.0667 1.17284
151 40 38.0867 1.15434
152 40 38.03 1.07196
153 40 37.97 1.14124
154 40 38.1133 1.35665
155 40 38.1967 1.30307
156 40 38.3033 1.31072
157 40 38.1 1.35031
158 40 38.0833 1.32277
159 40 37.95 1.36168
160 40 37.9833 1.24488
161 40 37.9033 1.22773
162 40 38.0967 1.07734
163 40 38.0067 1.31907
164 40 38.1267 1.31806
165 40 38.1767 1.26706
166 40 38.16 1.27844
167 40 38.0267 1.2353
168 40 38.0033 1.29228
169 40 37.9733 1.4045
170 40 37.8333 1.4372
171 40 37.97 1.33007
172 40 37.7433 1.33321
173 40 37.74 1.25926
174 40 37.8933 1.20912
175 40 37.8533 1.25372
176 40 37.9067 1.32084
177 40 37.9767 1.28431
178 40 37.8033 1.34337
179 40 38.07 1.25901
180 40 38.1433 1.21221
181 40 38.02 1.23001
182 40 38.08 1.27027
183 40 37.9567 1.27859
184 40 37.9067 1.22934
185 40 37.8633 1.23207
186 40 37.6467 1.2173
187 40 37.74 1.21617
188 40 37.7667 1.27497
189 40 37.7533 1.39731
190 40 37.7233 1.39288
191 40 37.5633 1.41633
192 40 37.5367 1.29434
193 40 37.6267 1.22227
194 40 37.7267 1.24577
195 40 37.9467 1.14767
196 40 38.03 1.12358
197 40 38.1133 1.11377
198 40 38.0967 1.07734
199 40 38.0833 1.18732
200 40 38.0533 1.3306
201 40 38.17 1.32706
202 40 38.2033 1.40071
203 40 38.3867 1.30786
204 40 38.2867 1.42519
205 40 38.4167 1.32277
206 40 38.5967 1.08658
207 40 38.5833 0.991491
208 40 38.5533 1.05853
209 40 38.7167 1.0439
210 40 38.8033 0.874446
211 40 38.9833 0.921803
212 40 38.9133 0.901381
213 40 38.93 1.00255
214 40 38.96 0.922895
215 40 38.8367 1.00829
216 40 38.6733 1.16044
217 40 38.7367 1.22229
218 40 38.5867 1.18145
219 40 38.66 1.09136
220 40 38.7 0.964364
221 40 38.7733 1.05607
222 40 38.7733 1.05922
223 40 38.6867 1.03045
224 40 38.65 1.07121
225 40 38.71 1.09814
226 40 38.66 1.2046
227 40 38.5967 1.15787
228 40 38.7333 1.02089
229 40 38.5933 1.14657
230 40 38.6333 1.09494
231 40 38.8167 1.05027
232 40 38.6967 1.08535
233 40 38.6333 1.14261
234 40 38.45 1.16655
235 40 38.5733 1.04465
236 40 38.6233 1.05899
237 40 38.8733 1.04752
238 40 39.0367 0.932016
239 40 38.96 0.937231
240 40 38.96 0.97898
241 40 38.91 0.872869
242 40 38.9367 0.855954
243 40 38.7567 0.885506
244 40 38.7767 0.996721
245 40 38.7433 1.07894
246 40 38.5967 1.0927
247 40 38.75 1.09278
248 40 38.7133 1.06669
249 40 38.6967 1.10664
250 40 38.78 1.13355
251 40 38.7 1.05672
252 40 38.86 1.06477
253 40 38.7767 1.12848
254 40 38.8333 0.989388
255 40 38.79 1.05162
256 40 38.8333 1.06406
257 40 39.0067 0.966069
258 40 38.89 1.03178
259 40 38.8967 1.03891
260 40 38.97 0.932256
261 40 38.8867 0.927627
262 40 38.8767 1.13495
263 40 38.8267 1.159
264 40 38.64 1.21534
265 40 38.7333 1.04987
266 40 38.7167 1.10592
267 40 38.64 1.14763
268 40 38.6433 1.15013
269 40 38.4433 1.10459
270 40 38.4167 1.11492
271 40 38.4467 1.16067
272 40 38.4667 1.12051
273 40 38.32 1.09435
274 40 38.2633 1.2678
275 40 38.2333 1.20785
276 40 38.1767 1.1827
277 40 38.2567 1.21824
278 40 38.4733 1.16159
279 40 38.5 1.20968
280 40 38.5467 1.21154
281 40 38.6333 1.09494
282 40 38.66 1.04134
283 40 38.7433 1.00869
284 40 38.85 0.952628
285 40 38.69 1.05542
286 40 38.5967 1.03311
287 40 38.5267 1.13253
288 40 38.4167 1.3502
289 40 38.5 1.23153
290 40 38.44 1.23548
291 40 38.4533 1.24143
292 40 38.4033 1.31934
293 40 38.5167 1.19849
294 40 38.4833 1.1675
295 40 38.5133 1.20685
296 40 38.5633 1.22447
297 40 38.6 1.13431
298 40 38.6067 1.19106
299 40 38.6267 1.19469
