0 30 20.2333 3.63669
1 30 21.3867 2.90583
2 29 22.1333 2.74145
3 32 22.8133 2.99975
4 33 25.0833 3.55946
5 35 27.0433 3.62787
6 36 28.5467 3.30875
7 37 30.1467 2.92776
8 38 31.1767 2.96965
9 38 32.45 2.48479
10 38 33.1433 2.33726
11 38 33.76 2.08704
12 39 33.97 1.93109
13 39 34.2267 2.10284
14 39 34.4667 2.18683
15 40 34.3267 2.2241
16 39 34.6567 2.15688
17 39 34.61 1.9454
18 40 34.86 1.83677
19 39 35.1267 1.88961
20 39 35.51 1.83391
21 40 35.8767 1.62935
22 39 35.8933 1.72297
23 40 35.96 1.82165
24 40 35.8033 1.82519
25 40 35.9133 1.944
26 40 35.9167 1.88407
27 39 36.0867 1.8491
28 40 36.0633 1.87776
29 40 36.2767 1.78702
30 40 36.0133 1.75874
31 40 36.31 1.59182
32 40 36.4433 1.74359
33 40 36.5167 1.76155
34 40 36.6933 1.84913
35 40 36.7767 1.62279
36 40 36.8967 1.48076
37 40 37.12 1.33876
38 40 36.98 1.35386
39 40 37 1.53188
40 40 37.23 1.5547
41 40 37.2067 1.70606
42 40 37.2167 1.74061
43 40 37.0067 1.76634
44 40 37.1 1.7195
45 40 37.3133 1.82624
46 40 37.51 1.60932
47 40 37.6533 1.38076
48 40 37.46 1.38145
49 40 37.45 1.32947
50 40 37.4 1.37113
51 40 37.36 1.30527
52 40 37.4 1.32916
53 40 37.49 1.43871
54 40 37.6933 1.30612
55 40 37.7467 1.26326
56 40 37.8133 1.29557
57 40 37.5933 1.4334
58 40 37.7267 1.37306
59 40 37.87 1.31647
60 40 38.15 1.39314
61 40 38.02 1.35139
62 40 37.98 1.33152
63 40 38.0767 1.31559
64 40 37.98 1.43048
65 40 38.0433 1.3044
66 40 38.1033 1.40214
67 40 37.9833 1.35513
68 40 38.0467 1.24813
69 40 38.2733 1.26437
70 40 38.1533 1.34033
71 40 38.1233 1.37409
72 40 38.3533 1.30709
73 40 38.4367 1.21901
74 40 38.4833 1.07845
75 40 38.5 1.13284
76 40 38.36 1.15919
77 40 38.3367 1.2583
78 40 38.2167 1.29989
79 40 38.4533 1.15808
80 40 38.5867 1.25266
81 40 38.55 1.18638
82 40 38.61 1.18514
83 40 38.6833 1.09075
84 40 38.7933 0.964687
85 40 38.79 0.958766
86 40 38.6 1.07393
87 40 38.46 1.18956
88 40 38.5133 1.12093
89 40 38.3067 1.16302
90 40 38.2533 1.12657
91 40 38.5133 1.01808
92 40 38.5433 1.05267
93 40 38.4133 0.967378
94 40 38.3733 1.08041
95 40 38.43 1.17123
96 40 38.4833 1.22327
97 40 38.5 1.29486
98 40 38.42 1.25044
99 40 38.2033 1.21463
100 40 38.1167 1.29733
101 40 38.2067 1.31045
102 40 38.19 1.15206
103 40 38.34 1.22654
104 40 38.3333 1.19257
105 40 38.3833 1.1732
106 40 38.2767 1.12255
107 40 38.3467 1.1401
108 40 38.43 1.07321
109 40 38.3167 1.08769
110 40 38.2233 1.12552
111 40 38.3833 1.19571
112 40 38.13 1.0676
113 40 38.02 1.08609
114 40 37.9933 1.08318
115 40 38.0633 1.10423
116 40 37.9733 1.30867
117 40 37.95 1.37386
118 40 37.8033 1.3704
119 40 37.8067 1.45921
120 40 37.86 1.2963
121 40 37.8 1.43759
122 40 37.9167 1.18169
123 40 37.92 1.25709
124 40 37.91 1.25774
125 40 37.8567 1.25809
126 40 37.76 1.28675
127 40 37.74 1.33881
128 40 37.8033 1.30307
129 40 37.6333 1.34866
130 40 37.7033 1.2657
131 40 37.66 1.25873
132 40 37.76 1.20377
133 40 37.78 1.29548
134 40 37.7833 1.19292
135 40 37.78 1.17966
136 40 37.6133 1.30275
137 40 37.5433 1.39814
138 40 37.6533 1.31902
139 40 37.71 1.28293
140 40 37.79 1.25136
141 40 37.99 1.29482
142 40 37.9267 1.30943
143 40 38.1533 1.27141
144 40 38.1867 1.31091
145 40 38.2333 1.29572
146 40 38.24 1.28675
147 40 38.1133 1.29634
148 40 38.1433 1.13847
149 40 38.0633 1.2699
150 40 38.2333 1.31107
151 40 38.21 1.32887
152 40 38.25 1.25731
153 40 38.1833 1.11493
154 40 38.03 1.30477
155 40 37.9167 1.22599
156 40 37.8033 1.34089
157 40 37.8467 1.36985
158 40 37.95 1.4003
159 40 37.96 1.42539
160 40 37.78 1.57637
161 40 37.88 1.48288
162 40 38.04 1.32856
163 40 37.9867 1.21648
164 40 37.7767 1.42365
165 40 38.0167 1.34278
166 40 38.12 1.35115
167 40 38.2767 1.24905
168 40 38.4233 1.26917
169 40 38.49 1.29482
170 40 38.5967 1.16647
171 40 38.51 1.25029
172 40 38.54 1.25236
173 40 38.36 1.21534
174 40 38.3167 1.23682
175 40 38.3467 1.14593
176 40 38.4067 1.2307
177 40 38.2867 1.22386
178 40 38.3033 1.20194
179 40 38.32 1.14787
180 40 38.22 1.15971
181 40 38.2433 1.1154
182 40 38.1467 1.08558
183 40 38.2467 1.15433
184 40 38.2367 1.27043
185 40 38.18 1.23596
186 40 38.3533 1.1924
187 40 38.45 1.09886
188 40 38.43 1.18818
189 40 38.4533 1.16096
190 40 38.5033 1.08474
191 40 38.6067 1.11293
192 40 38.4633 1.22556
193 40 38.47 1.11165
194 40 38.62 1.09648
195 40 38.7533 0.982762
196 40 38.69 1.02334
197 40 38.71 0.982802
198 40 38.6533 1.19993
199 40 38.5633 1.16304
200 40 38.58 1.25841
201 40 38.7867 1.04299
202 40 38.8833 1.13566
203 40 38.85 1.12287
204 40 38.9433 1.12552
205 40 38.9233 1.12433
206 40 39.03 1.021
207 40 38.9767 0.994713
208 40 38.94 1.02781
209 40 38.8467 0.960811
210 40 38.87 0.969415
211 40 38.8733 0.961226
212 40 38.9333 0.917728
213 40 38.8433 0.926709
214 40 38.96 0.940781
215 40 39.0233 0.910744
216 40 38.8267 1.0567
217 40 39.0233 0.914396
218 40 38.9467 1.00191
219 40 39.0833 0.884904
220 40 39.0633 0.840232
221 40 39.02 0.890467
222 40 39.04 0.933667
223 40 39.01 0.91464
224 40 39.02 0.879165
225 40 39.0067 0.879369
226 40 38.9567 0.970286
227 40 38.9433 0.962699
228 40 38.8567 0.960619
229 40 38.8067 0.946549
230 40 38.7867 0.970132
231 40 38.78 1.0669
232 40 38.8133 1.067
233 40 38.8067 1.09968
234 40 38.8633 1.08228
235 40 38.9433 1.00671
236 40 39.1167 0.93971
237 40 39.1067 0.917581
238 40 39.1267 0.911385
239 40 39.0667 0.98093
240 40 39.11 0.889513
241 40 38.9933 0.969514
242 40 38.8733 0.961226
243 40 38.9467 0.968068
244 40 38.95 0.990371
245 40 38.97 0.953468
246 40 38.8767 1.02703
247 40 38.9833 0.950291
248 40 38.9367 1.00631
249 40 39.0767 0.978495
250 40 38.9733 0.90882
251 40 38.94 0.939716
252 40 38.91 0.946168
253 40 38.79 0.944757
254 40 38.8733 0.964687
255 40 38.7767 0.952253
256 40 38.6867 1.00091
257 40 38.6767 1.05773
258 40 38.6533 1.11944
259 40 38.6133 1.0538
260 40 38.5633 1.0389
261 40 38.48 1.1703
262 40 38.4467 1.20851
263 40 38.31 1.32686
264 40 38.2333 1.23783
265 40 38.28 1.25762
266 40 38.2967 1.2657
267 40 38.19 1.31678
268 40 38.1933 1.30995
269 40 38.1633 1.25299
270 40 38.0467 1.18792
271 40 38.0167 1.26612
272 40 37.9033 1.32438
273 40 37.98 1.3855
274 40 38.07 1.38748
275 40 38.1033 1.32891
276 40 37.9333 1.39364
277 40 38.0267 1.29844
278 40 37.9867 1.14593
279 40 37.9433 1.20835
280 40 37.9367 1.27775
281 40 38.03 1.16437
282 40 37.9967 1.2261
283 40 38.0733 1.31705
284 40 38.1167 1.23142
285 40 38.0533 1.14185
286 40 38.02 1.07685
287 40 38.04 1.24836
288 40 38 1.23558
289 40 37.9567 1.14373
290 40 38.14 1.17206
291 40 38.0967 1.13166
292 40 38.1767 1.22968
293 40 38.1133 1.23578
294 40 38.2533 1.29967
295 40 38.1633 1.24766
296 40 38.1067 1.16703
297 40 38.1833 1.13566
298 40 38.2 1.14891
299 40 38.23 1.18762
