
*******************
Plotting of evolutionary algorithm with settings: 
*******************

1: Number of battles per war: 8
2: Number of soldiers per war: 40
3: Reployment fraction: 0
4: Strength reduction fraction: 1

5: Size of child pool: 30
6: Size of adult pool: 30
7: number of generations: 200
8: mutation rate: 1
9: crossover rate: 0.9
10: selection protocol: Full generational replacement
11: selection strategy: Sigma scaling
12: elitism: 2

*******************

0.225 0.1 0.05 0.15 0.1 0.1 0.2 0.075   
0.3 0.15 0.05 0.2 0.05 0.05 0.05 0.15   
0.4 0.2 0.075 0.075 0.025 0.05 0.05 0.125   
0.45 0.275 0.05 0 0.025 0.025 0.125 0.05   
0.55 0.3 0.025 0 0 0.025 0.025 0.075   
0.6 0.275 0 0.025 0 0 0.025 0.075   
0.625 0.3 0 0 0 0 0 0.075   
0.675 0.325 0 0 0 0 0 0   
0.725 0.25 0 0.025 0 0 0 0   
0.775 0.225 0 0 0 0 0 0   
0.8 0.175 0 0 0 0 0 0.025   
0.8 0.2 0 0 0 0 0 0   
0.825 0.175 0 0 0 0 0 0   
0.825 0.175 0 0 0 0 0 0   
0.825 0.175 0 0 0 0 0 0   
0.85 0.15 0 0 0 0 0 0   
0.85 0.15 0 0 0 0 0 0   
0.85 0.15 0 0 0 0 0 0   
0.85 0.15 0 0 0 0 0 0   
0.85 0.15 0 0 0 0 0 0   
0.85 0.15 0 0 0 0 0 0   
0.85 0.15 0 0 0 0 0 0   
0.85 0.15 0 0 0 0 0 0   
0.85 0.15 0 0 0 0 0 0   
0.85 0.15 0 0 0 0 0 0   
0.85 0.15 0 0 0 0 0 0   
0.85 0.15 0 0 0 0 0 0   
0.85 0.15 0 0 0 0 0 0   
0.85 0.15 0 0 0 0 0 0   
0.85 0.15 0 0 0 0 0 0   
0.85 0.15 0 0 0 0 0 0   
0.85 0.15 0 0 0 0 0 0   
0.85 0.15 0 0 0 0 0 0   
0.85 0.15 0 0 0 0 0 0   
0.85 0.15 0 0 0 0 0 0   
0.85 0.15 0 0 0 0 0 0   
0.85 0.15 0 0 0 0 0 0   
0.85 0.15 0 0 0 0 0 0   
0.85 0.15 0 0 0 0 0 0   
0.85 0.15 0 0 0 0 0 0   
0.85 0.15 0 0 0 0 0 0   
0.85 0.15 0 0 0 0 0 0   
0.85 0.15 0 0 0 0 0 0   
0.85 0.15 0 0 0 0 0 0   
0.85 0.15 0 0 0 0 0 0   
0.85 0.15 0 0 0 0 0 0   
0.85 0.15 0 0 0 0 0 0   
0.85 0.15 0 0 0 0 0 0   
0.85 0.15 0 0 0 0 0 0   
0.85 0.15 0 0 0 0 0 0   
0.85 0.15 0 0 0 0 0 0   
0.85 0.15 0 0 0 0 0 0   
0.85 0.15 0 0 0 0 0 0   
0.85 0.15 0 0 0 0 0 0   
0.85 0.15 0 0 0 0 0 0   
0.85 0.15 0 0 0 0 0 0   
0.85 0.15 0 0 0 0 0 0   
0.85 0.15 0 0 0 0 0 0   
0.85 0.15 0 0 0 0 0 0   
0.85 0.15 0 0 0 0 0 0   
0.85 0.15 0 0 0 0 0 0   
0.85 0.15 0 0 0 0 0 0   
0.85 0.15 0 0 0 0 0 0   
0.85 0.15 0 0 0 0 0 0   
0.85 0.15 0 0 0 0 0 0   
0.85 0.15 0 0 0 0 0 0   
0.85 0.15 0 0 0 0 0 0   
0.85 0.15 0 0 0 0 0 0   
0.85 0.15 0 0 0 0 0 0   
0.85 0.15 0 0 0 0 0 0   
0.85 0.15 0 0 0 0 0 0   
0.85 0.15 0 0 0 0 0 0   
0.85 0.15 0 0 0 0 0 0   
0.85 0.15 0 0 0 0 0 0   
0.85 0.15 0 0 0 0 0 0   
0.85 0.15 0 0 0 0 0 0   
0.85 0.15 0 0 0 0 0 0   
0.85 0.15 0 0 0 0 0 0   
0.85 0.15 0 0 0 0 0 0   
0.85 0.15 0 0 0 0 0 0   
0.85 0.15 0 0 0 0 0 0   
0.85 0.15 0 0 0 0 0 0   
0.85 0.15 0 0 0 0 0 0   
0.85 0.15 0 0 0 0 0 0   
0.85 0.15 0 0 0 0 0 0   
0.85 0.15 0 0 0 0 0 0   
0.85 0.15 0 0 0 0 0 0   
0.85 0.15 0 0 0 0 0 0   
0.85 0.15 0 0 0 0 0 0   
0.85 0.15 0 0 0 0 0 0   
0.85 0.15 0 0 0 0 0 0   
0.85 0.15 0 0 0 0 0 0   
0.85 0.15 0 0 0 0 0 0   
0.85 0.15 0 0 0 0 0 0   
0.85 0.15 0 0 0 0 0 0   
0.85 0.15 0 0 0 0 0 0   
0.85 0.15 0 0 0 0 0 0   
0.85 0.15 0 0 0 0 0 0   
0.85 0.15 0 0 0 0 0 0   
0.85 0.15 0 0 0 0 0 0   
0.85 0.15 0 0 0 0 0 0   
0.85 0.15 0 0 0 0 0 0   
0.85 0.15 0 0 0 0 0 0   
0.85 0.15 0 0 0 0 0 0   
0.85 0.15 0 0 0 0 0 0   
0.85 0.15 0 0 0 0 0 0   
0.85 0.15 0 0 0 0 0 0   
0.85 0.15 0 0 0 0 0 0   
0.85 0.15 0 0 0 0 0 0   
0.85 0.15 0 0 0 0 0 0   
0.85 0.15 0 0 0 0 0 0   
0.85 0.15 0 0 0 0 0 0   
0.85 0.15 0 0 0 0 0 0   
0.85 0.15 0 0 0 0 0 0   
0.85 0.15 0 0 0 0 0 0   
0.85 0.15 0 0 0 0 0 0   
0.85 0.15 0 0 0 0 0 0   
0.85 0.15 0 0 0 0 0 0   
0.85 0.15 0 0 0 0 0 0   
0.85 0.15 0 0 0 0 0 0   
0.85 0.15 0 0 0 0 0 0   
0.85 0.15 0 0 0 0 0 0   
0.85 0.15 0 0 0 0 0 0   
0.85 0.15 0 0 0 0 0 0   
0.85 0.15 0 0 0 0 0 0   
0.85 0.15 0 0 0 0 0 0   
0.85 0.15 0 0 0 0 0 0   
0.85 0.15 0 0 0 0 0 0   
0.85 0.15 0 0 0 0 0 0   
0.85 0.15 0 0 0 0 0 0   
0.85 0.15 0 0 0 0 0 0   
0.85 0.15 0 0 0 0 0 0   
0.85 0.15 0 0 0 0 0 0   
0.85 0.15 0 0 0 0 0 0   
0.85 0.15 0 0 0 0 0 0   
0.85 0.15 0 0 0 0 0 0   
0.85 0.15 0 0 0 0 0 0   
0.85 0.15 0 0 0 0 0 0   
0.85 0.15 0 0 0 0 0 0   
0.85 0.15 0 0 0 0 0 0   
0.85 0.15 0 0 0 0 0 0   
0.85 0.15 0 0 0 0 0 0   
0.85 0.15 0 0 0 0 0 0   
0.85 0.15 0 0 0 0 0 0   
0.85 0.15 0 0 0 0 0 0   
0.85 0.15 0 0 0 0 0 0   
0.85 0.15 0 0 0 0 0 0   
0.85 0.15 0 0 0 0 0 0   
0.85 0.15 0 0 0 0 0 0   
0.85 0.15 0 0 0 0 0 0   
0.85 0.15 0 0 0 0 0 0   
0.85 0.15 0 0 0 0 0 0   
0.85 0.15 0 0 0 0 0 0   
0.85 0.15 0 0 0 0 0 0   
0.85 0.15 0 0 0 0 0 0   
0.85 0.15 0 0 0 0 0 0   
0.85 0.15 0 0 0 0 0 0   
0.85 0.15 0 0 0 0 0 0   
0.85 0.15 0 0 0 0 0 0   
0.85 0.15 0 0 0 0 0 0   
0.85 0.15 0 0 0 0 0 0   
0.85 0.15 0 0 0 0 0 0   
0.85 0.15 0 0 0 0 0 0   
0.85 0.15 0 0 0 0 0 0   
0.85 0.15 0 0 0 0 0 0   
0.85 0.15 0 0 0 0 0 0   
0.85 0.15 0 0 0 0 0 0   
0.85 0.15 0 0 0 0 0 0   
0.85 0.15 0 0 0 0 0 0   
0.85 0.15 0 0 0 0 0 0   
0.85 0.15 0 0 0 0 0 0   
0.85 0.15 0 0 0 0 0 0   
0.85 0.15 0 0 0 0 0 0   
0.85 0.15 0 0 0 0 0 0   
0.85 0.15 0 0 0 0 0 0   
0.85 0.15 0 0 0 0 0 0   
0.85 0.15 0 0 0 0 0 0   
0.85 0.15 0 0 0 0 0 0   
0.85 0.15 0 0 0 0 0 0   
0.85 0.15 0 0 0 0 0 0   
0.85 0.15 0 0 0 0 0 0   
0.85 0.15 0 0 0 0 0 0   
0.85 0.15 0 0 0 0 0 0   
0.85 0.15 0 0 0 0 0 0   
0.85 0.15 0 0 0 0 0 0   
0.85 0.15 0 0 0 0 0 0   
0.85 0.15 0 0 0 0 0 0   
0.85 0.15 0 0 0 0 0 0   
0.85 0.15 0 0 0 0 0 0   
0.85 0.15 0 0 0 0 0 0   
0.85 0.15 0 0 0 0 0 0   
0.85 0.15 0 0 0 0 0 0   
0.85 0.15 0 0 0 0 0 0   
0.85 0.15 0 0 0 0 0 0   
0.85 0.15 0 0 0 0 0 0   
0.85 0.15 0 0 0 0 0 0   
0.85 0.15 0 0 0 0 0 0   
0.85 0.15 0 0 0 0 0 0   
0.85 0.15 0 0 0 0 0 0   
0.85 0.15 0 0 0 0 0 0   

