
*******************
Plotting of evolutionary algorithm with settings: 
*******************

1: Number of battles per war: 8
2: Number of soldiers per war: 40
3: Reployment fraction: 1
4: Strength reduction fraction: 0

5: Size of child pool: 30
6: Size of adult pool: 30
7: number of generations: 200
8: mutation rate: 1
9: crossover rate: 0.9
10: selection protocol: Full generational replacement
11: selection strategy: Sigma scaling
12: elitism: 2

*******************

0.2 0.15 0.1 0.175 0.075 0.175 0.1 0.025   
0.25 0.1 0.225 0.2 0.05 0.05 0.05 0.075   
0.35 0.175 0.175 0.075 0.025 0 0.025 0.175   
0.425 0.225 0.075 0.125 0.025 0.025 0.05 0.05   
0.55 0.125 0.125 0.025 0 0.05 0.05 0.075   
0.55 0.25 0.125 0 0 0.025 0 0.05   
0.625 0.25 0.075 0 0 0 0 0.05   
0.625 0.3 0 0 0 0 0.025 0.05   
0.675 0.25 0 0 0 0 0.025 0.05   
0.725 0.225 0.025 0 0 0 0 0.025   
0.775 0.225 0 0 0 0 0 0   
0.775 0.225 0 0 0 0 0 0   
0.775 0.225 0 0 0 0 0 0   
0.775 0.225 0 0 0 0 0 0   
0.775 0.225 0 0 0 0 0 0   
0.775 0.225 0 0 0 0 0 0   
0.775 0.225 0 0 0 0 0 0   
0.775 0.225 0 0 0 0 0 0   
0.775 0.225 0 0 0 0 0 0   
0.775 0.225 0 0 0 0 0 0   
0.775 0.225 0 0 0 0 0 0   
0.775 0.225 0 0 0 0 0 0   
0.775 0.225 0 0 0 0 0 0   
0.775 0.225 0 0 0 0 0 0   
0.775 0.225 0 0 0 0 0 0   
0.775 0.225 0 0 0 0 0 0   
0.775 0.225 0 0 0 0 0 0   
0.775 0.225 0 0 0 0 0 0   
0.775 0.225 0 0 0 0 0 0   
0.775 0.225 0 0 0 0 0 0   
0.775 0.225 0 0 0 0 0 0   
0.775 0.225 0 0 0 0 0 0   
0.775 0.225 0 0 0 0 0 0   
0.775 0.225 0 0 0 0 0 0   
0.775 0.225 0 0 0 0 0 0   
0.775 0.225 0 0 0 0 0 0   
0.775 0.225 0 0 0 0 0 0   
0.775 0.225 0 0 0 0 0 0   
0.775 0.225 0 0 0 0 0 0   
0.775 0.225 0 0 0 0 0 0   
0.775 0.225 0 0 0 0 0 0   
0.775 0.225 0 0 0 0 0 0   
0.775 0.225 0 0 0 0 0 0   
0.775 0.225 0 0 0 0 0 0   
0.775 0.225 0 0 0 0 0 0   
0.775 0.225 0 0 0 0 0 0   
0.775 0.225 0 0 0 0 0 0   
0.775 0.225 0 0 0 0 0 0   
0.775 0.225 0 0 0 0 0 0   
0.775 0.225 0 0 0 0 0 0   
0.775 0.225 0 0 0 0 0 0   
0.775 0.225 0 0 0 0 0 0   
0.775 0.225 0 0 0 0 0 0   
0.775 0.225 0 0 0 0 0 0   
0.775 0.225 0 0 0 0 0 0   
0.775 0.225 0 0 0 0 0 0   
0.775 0.225 0 0 0 0 0 0   
0.775 0.225 0 0 0 0 0 0   
0.775 0.225 0 0 0 0 0 0   
0.775 0.225 0 0 0 0 0 0   
0.775 0.225 0 0 0 0 0 0   
0.775 0.225 0 0 0 0 0 0   
0.775 0.225 0 0 0 0 0 0   
0.775 0.225 0 0 0 0 0 0   
0.775 0.225 0 0 0 0 0 0   
0.775 0.225 0 0 0 0 0 0   
0.775 0.225 0 0 0 0 0 0   
0.775 0.225 0 0 0 0 0 0   
0.775 0.225 0 0 0 0 0 0   
0.775 0.225 0 0 0 0 0 0   
0.775 0.225 0 0 0 0 0 0   
0.775 0.225 0 0 0 0 0 0   
0.775 0.225 0 0 0 0 0 0   
0.775 0.225 0 0 0 0 0 0   
0.775 0.225 0 0 0 0 0 0   
0.775 0.225 0 0 0 0 0 0   
0.775 0.225 0 0 0 0 0 0   
0.775 0.225 0 0 0 0 0 0   
0.775 0.225 0 0 0 0 0 0   
0.775 0.225 0 0 0 0 0 0   
0.775 0.225 0 0 0 0 0 0   
0.775 0.225 0 0 0 0 0 0   
0.775 0.225 0 0 0 0 0 0   
0.775 0.225 0 0 0 0 0 0   
0.775 0.225 0 0 0 0 0 0   
0.775 0.225 0 0 0 0 0 0   
0.775 0.225 0 0 0 0 0 0   
0.775 0.225 0 0 0 0 0 0   
0.775 0.225 0 0 0 0 0 0   
0.775 0.225 0 0 0 0 0 0   
0.775 0.225 0 0 0 0 0 0   
0.775 0.225 0 0 0 0 0 0   
0.775 0.225 0 0 0 0 0 0   
0.775 0.225 0 0 0 0 0 0   
0.775 0.225 0 0 0 0 0 0   
0.775 0.225 0 0 0 0 0 0   
0.775 0.225 0 0 0 0 0 0   
0.775 0.225 0 0 0 0 0 0   
0.775 0.225 0 0 0 0 0 0   
0.775 0.225 0 0 0 0 0 0   
0.775 0.225 0 0 0 0 0 0   
0.775 0.225 0 0 0 0 0 0   
0.775 0.225 0 0 0 0 0 0   
0.775 0.225 0 0 0 0 0 0   
0.775 0.225 0 0 0 0 0 0   
0.775 0.225 0 0 0 0 0 0   
0.775 0.225 0 0 0 0 0 0   
0.775 0.225 0 0 0 0 0 0   
0.775 0.225 0 0 0 0 0 0   
0.775 0.225 0 0 0 0 0 0   
0.775 0.225 0 0 0 0 0 0   
0.775 0.225 0 0 0 0 0 0   
0.775 0.225 0 0 0 0 0 0   
0.775 0.225 0 0 0 0 0 0   
0.775 0.225 0 0 0 0 0 0   
0.775 0.225 0 0 0 0 0 0   
0.775 0.225 0 0 0 0 0 0   
0.775 0.225 0 0 0 0 0 0   
0.775 0.225 0 0 0 0 0 0   
0.775 0.225 0 0 0 0 0 0   
0.775 0.225 0 0 0 0 0 0   
0.775 0.225 0 0 0 0 0 0   
0.775 0.225 0 0 0 0 0 0   
0.775 0.225 0 0 0 0 0 0   
0.775 0.225 0 0 0 0 0 0   
0.775 0.225 0 0 0 0 0 0   
0.775 0.225 0 0 0 0 0 0   
0.775 0.225 0 0 0 0 0 0   
0.775 0.225 0 0 0 0 0 0   
0.775 0.225 0 0 0 0 0 0   
0.775 0.225 0 0 0 0 0 0   
0.775 0.225 0 0 0 0 0 0   
0.775 0.225 0 0 0 0 0 0   
0.775 0.225 0 0 0 0 0 0   
0.775 0.225 0 0 0 0 0 0   
0.775 0.225 0 0 0 0 0 0   
0.775 0.225 0 0 0 0 0 0   
0.775 0.225 0 0 0 0 0 0   
0.775 0.225 0 0 0 0 0 0   
0.775 0.225 0 0 0 0 0 0   
0.775 0.225 0 0 0 0 0 0   
0.775 0.225 0 0 0 0 0 0   
0.775 0.225 0 0 0 0 0 0   
0.775 0.225 0 0 0 0 0 0   
0.775 0.225 0 0 0 0 0 0   
0.775 0.225 0 0 0 0 0 0   
0.775 0.225 0 0 0 0 0 0   
0.775 0.225 0 0 0 0 0 0   
0.775 0.225 0 0 0 0 0 0   
0.775 0.225 0 0 0 0 0 0   
0.775 0.225 0 0 0 0 0 0   
0.775 0.225 0 0 0 0 0 0   
0.775 0.225 0 0 0 0 0 0   
0.775 0.225 0 0 0 0 0 0   
0.775 0.225 0 0 0 0 0 0   
0.775 0.225 0 0 0 0 0 0   
0.775 0.225 0 0 0 0 0 0   
0.775 0.225 0 0 0 0 0 0   
0.775 0.225 0 0 0 0 0 0   
0.775 0.225 0 0 0 0 0 0   
0.775 0.225 0 0 0 0 0 0   
0.775 0.225 0 0 0 0 0 0   
0.775 0.225 0 0 0 0 0 0   
0.775 0.225 0 0 0 0 0 0   
0.775 0.225 0 0 0 0 0 0   
0.775 0.225 0 0 0 0 0 0   
0.775 0.225 0 0 0 0 0 0   
0.775 0.225 0 0 0 0 0 0   
0.775 0.225 0 0 0 0 0 0   
0.775 0.225 0 0 0 0 0 0   
0.775 0.225 0 0 0 0 0 0   
0.775 0.225 0 0 0 0 0 0   
0.775 0.225 0 0 0 0 0 0   
0.775 0.225 0 0 0 0 0 0   
0.775 0.225 0 0 0 0 0 0   
0.775 0.225 0 0 0 0 0 0   
0.775 0.225 0 0 0 0 0 0   
0.775 0.225 0 0 0 0 0 0   
0.775 0.225 0 0 0 0 0 0   
0.775 0.225 0 0 0 0 0 0   
0.775 0.225 0 0 0 0 0 0   
0.775 0.225 0 0 0 0 0 0   
0.775 0.225 0 0 0 0 0 0   
0.775 0.225 0 0 0 0 0 0   
0.775 0.225 0 0 0 0 0 0   
0.775 0.225 0 0 0 0 0 0   
0.775 0.225 0 0 0 0 0 0   
0.775 0.225 0 0 0 0 0 0   
0.775 0.225 0 0 0 0 0 0   
0.775 0.225 0 0 0 0 0 0   
0.775 0.225 0 0 0 0 0 0   
0.775 0.225 0 0 0 0 0 0   
0.775 0.225 0 0 0 0 0 0   
0.775 0.225 0 0 0 0 0 0   
0.775 0.225 0 0 0 0 0 0   
0.775 0.225 0 0 0 0 0 0   
0.775 0.225 0 0 0 0 0 0   
0.775 0.225 0 0 0 0 0 0   
0.775 0.225 0 0 0 0 0 0   
0.775 0.225 0 0 0 0 0 0  
